34 43 21 70 52 17 71 61 13 53 67 44 43 52 82 18 33 22 06 27 04 61 17 71 05 31 32 64 50 33 15 08 01 64 38 39 63 18 15 44 72 66 70 67 08 70 17 72 08 71 47 83 21 13 02 65 56 42 80 71 68 49 15 63 79 21 59 11 48 20 46 58 03 46 08 48 03 38 68 65 31 47 36 50 21 33 06 10 66 83 79 19 80 57 60 17 51 65

31 43 21 70 52 17 71 61 13 53 67 44 43 52 82 18 33 22 06 27 04 61 17 71 05 61 20 79 37 33 15 08 01 59 63 36 11 18 15 44 72 66 70 67 08 70 17 72 08 71 66 63 56 29 51 65 21 60 47 51 05 79 45 12 42 25 80 59 51 33 40 73 09 78 17 09 15 40 17 23 73 42 57 81 52 32 06 16 45 52 04 20 39 47 77 66 16 65 40 52 23 81

78 43 21 70 52 17 71 61 13 53 67 44 43 52 82 18 33 22 06 27 04 61 17 71 05 41 30 37 23 70 43 31 14 51 57 64 71 27 02 10 58 08 72 64 31 25 17 51 61 71 51 50 25 71 83 17 10 16 69 13 63 29 16 49 33 53 81 36 44 15 06 03 43 29 67 77 79 14 01 20 68 47 57 11 12 57 39 68 12 07 47 67 21 02 63 27 22 21 36 69 29 59 51 53 10 66 36 38 11 50 59 20 63 69 35 49 75 81

30 43 21 71 71 36 41 73 82 05 67 49 63 70 34 31 82 13 54 53 72 19 15 19 71 36 81 59 78 06 58 54 11 23 22 52 17 32 23 66 61 49 35 32 67 31 21 65 48 02 31 29 72 27 81 59 52 07 16 71 52 51 37 33 20 43 52 17 72 09 37 44 63 12 82 83 51 12 74 82 34 25 05 59 22 77 72 65 63 30 39 40 31 09 24 69 50 18 35 50 49 10

50 43 21 71 71 36 04 49 61 64 27 72 49 71 42 48 49 04 39 24 72 18 69 46 56 68 31 17 49 17 33 14 74 34 64 76 04 56 70 83 30 04 31 71 05 58 42 20 15 22 64 39 69 71 54 76 49 67 17 02 14 57 04 25 55 23 44 05 55 58 50 40 59 21 24 11 08 51 04 43 45 79 48 10 19 79 39 77 11 17 14 50 07 73 51 56 68 33 32 14 27 78 72 09 03 25 09 21 78 21 50 05 51 41 06 65 03 55 58 83 18 51 55 07 66 27 41 05 01 73 11 48 45 59 74 22

81 43 21 71 71 36 12 46 20 17 60 63 08 70 42 57 77 49 81 60 46 16 09 82 20 07 08 65 08 33 67 03 52 23 73 71 82 38 30 55 03 65 72 09 42 21 15 82 66 10 79 77 63 60 68 40 57 81 38 16 41 44 22 25 73 65 07 76 72 65 06 17 80 79 74 52 77 01 77 21 75 54 77 17 64 59 23 15 20 51 21 21 67 40 20 48 20 70 02 42 53 64 14 18 74 34 53 76 20 04 43 71 38 35 09 45 78 71 46 36 13 79 36 44

62 43 21 71 71 36 04 49 61 64 04 54 23 06 56 07 40 02 78 21 72 29 66 75 05 07 60 30 03 81 49 50 55 31 09 36 21 71 70 36 54 08 52 51 18 72 38 44 71 21 20 72 69 55 40 41 21 59 75 69 45 72 40 34 81 69 27 63 21 57 03 58 14 49 07 71 65 49 56 42 50 67 71 80 64 39 21 29 24 02 63 52 83 27 63 57 41 64 03 12 63 17 42 67 75 47 20 76 39 49 59 25 31 43 40 29 56 27

29 43 21 71 71 36 04 49 61 64 04 54 23 06 56 07 40 02 78 21 72 49 15 31 05 47 54 10 32 74 57 08 05 43 07 62 76 09 46 33 76 18 27 01 59 39 65 43 51 75 33 12 13 34 57 79 48 71 63 40 36 57 58 34 48 45 18 15 22 82 63 50 21 77 08 65 43 72 35 81 43 12 45 83 36 75 29 42 20 50 21 25 14 15 38 41 46 15 21 09 42 77 61 15 49 18 32 66 79 03 11 67 74 05 83 36 73 11 64 79

80 43 21 71 71 36 04 49 61 64 04 54 23 06 56 07 40 02 78 21 72 80 15 56 66 07 60 30 56 81 49 50 21 62 19 36 21 71 70 36 54 37 52 47 41 16 57 14 55 70 42 35 24 81 82 79 83 08 63 22 81 73 24 79 48 54 81 71 36 23 25 49 21 12 59 69 67 31 59 19 14 30 11 38 52 15 64 23 68 16 66 45 22 80 44 45 25 83 15 47 21 64 53 38 67 43 51 46 53 59 50 67 13 68
