 
mapping = {'0':'C','1':'U','2':'R','3':'D','4':'L'}



0: """2010132233040411302321143130330040240005
0320412200014222421222201100032013411135
3102210440002001040401441420330220342415
2313131300311321201422313314413414412115
0140032121141300411101002412410040310015
0403314323411221010100401204124424424025
133312203301031131112112103223145
13104242241303041102031232043135""",
1: """3110132233040411302321143130330040240045
0320412200014222421222201100032013411015
0202010440001040440401441420330220341315
1112131300011020201422313314413414414015
2122233032440002432311102212310310220435
4034314012221113402103014133412213301325
024142214222030242001232124023232014035
31013221121302032222004223103132241135""",
2: """1210132233040411302321143130330040240045
1320412200014222421222201100032013411325
3020132300442101430012141403110241042235
1024411132222314033301302310103224414225
0141130301441020203111142410342321321125
1411201200401030221224020400001032210405
0011322100422310432420131030102003002215
0201422403120313302310001033104412014225
0342010431011002001245
1314020220201413223115""",
3: """3010143042311111301032001142111420421445
1320410024412002221410132400222201204025
1101202100440120220141002021300132433125
4011301120103223134314223132130311000035
1431102230242242010212231422001031112235
2034012300412222131322202302421402114405
1222010000121431012333120102242032215
0110101013212311030320302413203220305""",
4: """2210143040001003022202312222321441442115
3320410022224313410032420000102200424315
3132233121201340041413023100012310431305
0200201400020212123111000031122201100325
1402142220230420012142412112231040100345
0030210313002122103100003123320032404225
0012402410202320430430312241313123011425
2323111302110210202223414121132403212305
0010301242212240330032110242131332310015
4102101033004320314121114223304034000415
041240123045
04230101045""",
5: """1110143040440231010332321201132400320235
4320410023421203014412122224014202111305
0330311342241441113030031422340421311125
4314132002101412021124312302031114300215
1031332142002300111430341430331101221205
1011322111204423101313212310203110222005
1201201231300110240141330210230022200445
2103122200014401220032321421413321312205
1202240222342030331202440402005
0021211001411022421034024114425""",
6: """1010143040001000000102132331201421330035
2320410022224312124304303001102034211305
1010042232100343001442142240222003000225
3034110223132024033020302224411420101415
1432343001202422301103013020010400301305
0123324013413413024413014124122223033225
2122221431303020131021131022300031032325
4323314110324032001221031124314401202315
122024230101311232213035
34212102201003230340345""",
7: """3010143040001000000102132331201400400025
2320410022224312124304303001102221131425
2113102140010321222411243001001312233135
0302212301323014304134203000323324211405
0402102401032022102430210121030120332325
4022111031324121021424403111220214311415
2042332412033020233010412042410122321015
3111403114212321224102401324400302214405
2243141140421211141401305
0202310000310001021400115""",
8: """1110143040001000000102132331201430441335
3320410022224312124304303001102111124305
1012142233020240141442122222302122132335
3034110224012020413020022424202403412025
0141101141031110102401102040100131001305
2112111301104412111124034101220400412135
1020410412211341301330132430110420102215
0202030022400101204423110421111420311025
1312242202220415
2324421013314315"""
}

instead of doing this 

      1 2   6
       3   5 4

I did this

      1 2   3



  #  Trigram  eyes   
-------------------------
  1  CCC       ···
  2  CCD       ··↓
  3  CCL       ··←
  4  CCR       ··→
  5  CCU       ··↑
  6  CDC       ·↓·
  7  CDD       ·↓↓
  8  CDL       ·↓←
  9  CDR       ·↓→
 10  CDU       ·↓↑
 11  CLC       ·←·
 12  CLD       ·←↓
 13  CLL       ·←←
 14  CLR       ·←→
 15  CLU       ·←↑
 16  CRC       ·→·
 17  CRD       ·→↓
 18  CRL       ·→←
 19  CRR       ·→→
 20  CRU       ·→↑
 21  CUC       ·↑·
 22  CUD       ·↑↓
 23  CUL       ·↑←
 24  CUR       ·↑→
 25  CUU       ·↑↑
 26  DCC       ↓··
 27  DCD       ↓·↓
 28  DCL       ↓·←
 29  DCR       ↓·→
 30  DCU       ↓·↑
 31  DDC       ↓↓·
 32  DDR       ↓↓→
 33  DDU       ↓↓↑
 34  DLC       ↓←·
 35  DLR       ↓←→
 36  DLU       ↓←↑
 37  DRC       ↓→·
 38  DRD       ↓→↓
 39  DRR       ↓→→
 40  DRU       ↓→↑
 41  DUC       ↓↑·
 42  DUD       ↓↑↓
 43  DUL       ↓↑←
 44  DUR       ↓↑→
 45  DUU       ↓↑↑
 46  LCC       ←··
 47  LCD       ←·↓
 48  LCR       ←·→
 49  LCU       ←·↑
 50  LDC       ←↓·
 51  LDR       ←↓→
 52  LDU       ←↓↑
 53  LLC       ←←·
 54  LLR       ←←→
 55  LLU       ←←↑
 56  LRC       ←→·
 57  LRD       ←→↓
 58  LRL       ←→←
 59  LRR       ←→→
 60  LRU       ←→↑
 61  LUC       ←↑·
 62  LUD       ←↑↓
 63  LUR       ←↑→
 64  LUU       ←↑↑
 65  RCC       →··
 66  RCD       →·↓
 67  RCL       →·←
 68  RCR       →·→
 69  RCU       →·↑
 70  RDC       →↓·
 71  RDD       →↓↓
 72  RDL       →↓←
 73  RDR       →↓→
 74  RDU       →↓↑
 75  RLC       →←·
 76  RLD       →←↓
 77  RLL       →←←
 78  RLR       →←→
 79  RLU       →←↑
 80  RRC       →→·
 81  RRD       →→↓
 82  RRL       →→←
 83  RRR       →→→
 84  RRU       →→↑
 85  RUC       →↑·
 86  RUD       →↑↓
 87  RUL       →↑←
 88  RUR       →↑→
 89  RUU       →↑↑
 90  UCC       ↑··
 91  UCD       ↑·↓
 92  UCL       ↑·←
 93  UCR       ↑·→
 94  UCU       ↑·↑
 95  UDC       ↑↓·
 96  UDD       ↑↓↓
 97  UDL       ↑↓←
 98  UDR       ↑↓→
 99  UDU       ↑↓↑
100  ULC       ↑←·
101  ULD       ↑←↓
102  ULL       ↑←←
103  ULR       ↑←→
104  ULU       ↑←↑
105  URC       ↑→·
106  URD       ↑→↓
107  URL       ↑→←
108  URR       ↑→→
109  URU       ↑→↑
110  UUC       ↑↑·
111  UUD       ↑↑↓
112  UUL       ↑↑←
113  UUR       ↑↑→
114  UUU       ↑↑↑

--- Message 1 (East 1) | 99 trigramas ---
 69  22  81  28  15  95  73 112  42   7   3  18   1   9  15
 80   5  59  78 108  80 110   2  69  36 111  41  84  13   1
 65  92  11 102 103   7  19   8  79  74  42  95  10  98 105
103  74  33  55  36  55  89  23   2  88 112  95  15 110  90
 79  79   3  10   5  11  33  51  36 108  94  21  11 105  63
 54  54  48  96  44  66  30  10  99 113 113  91  81 104  41
 58  82  95  28 110  66 106  67  42

--- Message 2 (West 1) | 103 trigramas ---
 45  22  81  28  15  95  73 112  42   7   3  18   3   9  15
 80   5  59  78 108  80 110   2  69  36  94  16  69  13   1
 92  13  11 102 103   7  19   8  99 114  86  95   5  93  16
103  74  33  55  36  55  49  88  81  27  77   1  76  74 110
 84  74  10  19  12  47  52  49  83 114  34  85  30  62  36
 84  31  98  18 103  87  83   6  78   5  73 107  17  73  23
  7  94  39 113  95  66  83  65  59  41  42  82 111

--- Message 3 (East 2) | 118 trigramas ---
109  22  81  28  15  95  73 112  42   7   3  18   3  98  15
 80   5  59  78 108  80 110   2  69  36  98  29  22  70  13
 85 101   5  87 100  45  18  92  81  93  55 111  83  74  47
 31  95  74  21  39  55  59  23 111   6 102  93  16  45 112
 79   8  73  98 113 104 105 105  11  91  19 108  48  11   1
 91  84  11   5  98  85  14  74  12  78  22  91  21  65  26
 84  16 103  75  44  10  31  74   1  91  41  55  69  59   8
 69  12  94  90  65 107  99  48  19  16 104  39  45

--- Message 4 (West 2) | 102 trigramas ---
 30  23  28  74 114  95  91  65 112  89 103  14 102  98  15
  4  55  65  83 104  22  75  19  80 105  48 110 105  85  13
 24  19  23  90  68  95  22  76  44  49  95 113  21  39  42
 52  59  42  86  10  90   2 101 110  81  18  82  69  20  81
103  65  91 114  81  66  49  70  15  83  86  98  80  70  78
100  89  53 108  69   1  24 101  94  71  44  21  82  66  84
 25  21  94  40  74  91   9   6  79  37  39   6

--- Message 5 (East 3) | 137 trigramas ---
 84  23  28   1  90  29  80  74  83  73 102 102  89  32  15
  4  83  52  36   2  78   1  21  80  14  52  42  81  44 105
 97   3 104  29  41   5  74  12  95  16  16 100   4  20  88
 45  90   2 113  80 110   9 100  87  83  17  14   5  87  79
 89  81  92  21   8   2  20  10  26  88  85  41   1  44  32
  2  75  59   5  75  79  16  73  12  12  10  82  99  44  30
103  73  45  95  89  20  16  83  36  63 111  75  40  70   5
  6 107  84  82   7   2  89  18  86  96  74   5  61  85  91
 26  51  10  63 114  59  31  47  46  15  15  75 106  11  57
 21  92

--- Message 6 (West 3) | 124 trigramas ---
114  23  28  13  17  94   7  73 105 111  75   9  17  51  15
  4  35 105  30  55  88  83  49  56  89  95   7  10  97  82
102 114  27   2 103  72  14  99 113  52  62  65  85 104  68
113  52  70  66 114  50  20  91  96  87  65  70  25 101   8
101   7 110 108 105  94  98  89 105  54  41  99  40  74  16
 45  19  65 105 105 106  95  25  18  23  96  20  17   4  80
 13  85  44  80   5  53 108   2  73 103 104  32  99  80 105
 82  19  72  66   7 105  77  11  65   4 109  90 104  93  78
 91  48  64  54

--- Message 7 (East 4) | 119 trigramas ---
 94  23  28   1  90   1  21  86  71 105 103  96   2  73  15
  4  83  52  88  50  50  26 110  66  60  95  94   3  81  85
  8  26 102  87  82  19  65  26  19  27  64  19  42  68  47
 29   6  83  55 103  21 104 101  72  26 105  78  70 110  30
 29   5  11   6  95  24  32  49  36  36  29  55  30  63  63
 83  27  39  88  83 101  95  29  22  93 111  93  70   2  91
 73  51  33  64   9  47  65 108  91 113  52  53 105  74 108
 18  70  94  45  73  86   7  60  85  80  90  38   8   8

--- Message 8 (West 4) | 120 trigramas ---
 30  23  28   1  90   1  21  86  71 105 100  11   4  73  15
  4  83  52  88  50  50  26 110  83 111 103  89  41  87   5
  9 108  79 107  26  90  99  81  42   6  84  70  98  30  50
 62  56  26   9  32  60 100  11  85  75  91  68  85  76  20
 24  91  24   7  73  48  89  91  98  63  93 103  53  45 108
 20  52 104  67  71  79  66  29  17  30  15  67  79  24  73
 94  45 100  45  60  73 108  61  75  98  53   6  84  53  82
 43 112  14 109 112 100  95  16  74   1  10   1  93 100  25

--- Message 9 (East 5) | 114 trigramas ---
114  23  28   1  90   1  21  86  71 105 101  13  96  32  15
  4  83  52  88  50  50  26 110  89 113  50  94  87  81  29
 18  23 102  88  83  70  88  86  71  27  64  19  49  68  15
 29   4  78  56  75  36  68  23 110 112  91 114  21  75 110
 67  21  22  90  95  89  89  95 110  55  89 113  47  61 108
 11  15  86  93  15  15  84  97  95  96  22  76  25  14  21
 84  16  66   4  75  21 105  54  45  14 114 103  10  93  99
 82  80  83  15  73  54  94  33  52