200 231 010 143 222 023 300 104 044 221 132 240 231 222 112 024 311 013 030 303 002 104 023 144 001 310


131 133 310 242 204 223 304 311 030 031 134 111 110 022 113 212 103 023 224 133 143

------------------ E1 --------------------
2 0 1 0 1 3 2 2 3 3 0 4 0 4 1 1 3 0 2 3 2 1 1 4 3 1 3 0 3 3 0 0 4 0 2 4 0 0 0 
 0 3 2 0 4 1 2 2 0 0 0 1 4 2 2 2 4 2 1 2 2 2 2 0 1 1 0 0 0 3 2 0 1 3 4 1 1 1 3  
3 1 0 2 2 1 0 4 4 0 0 0 2 0 0 1 0 4 0 4 0 1 4 4 1 4 2 0 3 3 0 2 2 0 3 4 2 4 1  
 2 3 1 3 1 3 1 3 0 0 3 1 1 3 2 1 2 0 1 4 2 2 3 1 3 3 1 4 4 1 3 4 1 4 4 1 2 1 1  
0 1 4 0 0 3 2 1 2 1 1 4 1 3 0 0 4 1 1 1 0 1 0 0 2 4 1 2 4 1 0 0 4 0 3 1 0 0 1  
 0 4 0 3 3 1 4 3 2 3 4 1 1 2 2 1 0 1 0 1 0 0 4 0 1 2 0 4 1 2 4 4 2 4 4 2 4 0 2  
1 3 3 3 1 2 2 0 3 3 0 1 0 3 1 1 3 1 1 1 2 1 1 2 1 0 3 2 2 3 1 4  
 1 3 1 0 4 2 4 2 2 4 1 3 0 3 0 4 1 1 0 2 0 3 1 2 3 2 0 4 3 1 3  

------------------ W1 --------------------
3 1 1 0 1 3 2 2 3 3 0 4 0 4 1 1 3 0 2 3 2 1 1 4 3 1 3 0 3 3 0 0 4 0 2 4 0 0 4  
 0 3 2 0 4 1 2 2 0 0 0 1 4 2 2 2 4 2 1 2 2 2 2 0 1 1 0 0 0 3 2 0 1 3 4 1 1 0 1  
0 2 0 2 0 1 0 4 4 0 0 0 1 0 4 0 4 4 0 4 0 1 4 4 1 4 2 0 3 3 0 2 2 0 3 4 1 3 1  
 1 1 1 2 1 3 1 3 0 0 0 1 1 0 2 0 2 0 1 4 2 2 3 1 3 3 1 4 4 1 3 4 1 4 4 1 4 0 1  
2 1 2 2 2 3 3 0 3 2 4 4 0 0 0 2 4 3 2 3 1 1 1 0 2 2 1 2 3 1 0 3 1 0 2 2 0 4 3  
 4 0 3 4 3 1 4 0 1 2 2 2 1 1 1 3 4 0 2 1 0 3 0 1 4 1 3 3 4 1 2 2 1 3 3 0 1 3 2  
0 2 4 1 4 2 2 1 4 2 2 2 0 3 0 2 4 2 0 0 1 2 3 2 1 2 4 0 2 3 2 3 2 0 1 4 0 3  
 3 1 0 1 3 2 2 1 1 2 1 3 0 2 0 3 2 2 2 2 0 0 4 2 2 3 1 0 3 1 3 2 2 4 1 1 3  

------------------ E2 --------------------
1 2 1 0 1 3 2 2 3 3 0 4 0 4 1 1 3 0 2 3 2 1 1 4 3 1 3 0 3 3 0 0 4 0 2 4 0 0 4  
 1 3 2 0 4 1 2 2 0 0 0 1 4 2 2 2 4 2 1 2 2 2 2 0 1 1 0 0 0 3 2 0 1 3 4 1 1 3 2  
3 0 2 0 1 3 2 3 0 0 4 4 2 1 0 1 4 3 0 0 1 2 1 4 1 4 0 3 1 1 0 2 4 1 0 4 2 2 3  
 1 0 2 4 4 1 1 1 3 2 2 2 2 3 1 4 0 3 3 3 0 1 3 0 2 3 1 0 1 0 3 2 2 4 4 1 4 2 2  
0 1 4 1 1 3 0 3 0 1 4 4 1 0 2 0 2 0 3 1 1 1 1 4 2 4 1 0 3 4 2 3 2 1 3 2 1 1 2  
 1 4 1 1 2 0 1 2 0 0 4 0 1 0 3 0 2 2 1 2 2 4 0 2 0 4 0 0 0 0 1 0 3 2 2 1 0 4 0  
0 0 1 1 3 2 2 1 0 0 4 2 2 3 1 0 4 3 2 4 2 0 1 3 1 0 3 0 1 0 2 0 0 3 0 0 2 2 1  
 0 2 0 1 4 2 2 4 0 3 1 2 0 3 1 3 3 0 2 3 1 0 0 0 1 0 3 3 1 0 4 4 1 2 0 1 4 2 2  
0 3 4 2 0 1 0 4 3 1 0 1 1 0 0 2 0 0 1 2 4  
 1 3 1 4 0 2 0 2 2 0 2 0 1 4 1 3 2 2 3 1 1  

------------------ W2 --------------------
3 0 1 0 1 4 3 0 4 2 3 1 1 1 1 1 3 0 1 0 3 2 0 0 1 1 4 2 1 1 1 4 2 0 4 2 1 4 4  
 1 3 2 0 4 1 0 0 2 4 4 1 2 0 0 2 2 2 1 4 1 0 1 3 2 4 0 0 2 2 2 2 0 1 2 0 4 0 2  
1 1 0 1 2 0 2 1 0 0 4 4 0 1 2 0 2 2 0 1 4 1 0 0 2 0 2 1 3 0 0 1 3 2 4 3 3 1 2  
 4 0 1 1 3 0 1 1 2 0 1 0 3 2 2 3 1 3 4 3 1 4 2 2 3 1 3 2 1 3 0 3 1 1 0 0 0 0 3  
1 4 3 1 1 0 2 2 3 0 2 4 2 2 4 2 0 1 0 2 1 2 2 3 1 4 2 2 0 0 1 0 3 1 1 1 2 2 3  
 2 0 3 4 0 1 2 3 0 0 4 1 2 2 2 2 1 3 1 3 2 2 2 0 2 3 0 2 4 2 1 4 0 2 1 1 4 4 0  
1 2 2 2 0 1 0 0 0 0 1 2 1 4 3 1 0 1 2 3 3 3 1 2 0 1 0 2 2 4 2 0 3 2 2 1  
 0 1 1 0 1 0 1 0 1 3 2 1 2 3 1 1 0 3 0 3 2 0 3 0 2 4 1 3 2 0 3 2 2 0 3 0  

------------------ E3 --------------------
2 2 1 0 1 4 3 0 4 0 0 0 1 0 0 3 0 2 2 2 0 2 3 1 2 2 2 2 3 2 1 4 4 1 4 4 2 1 1  
 3 3 2 0 4 1 0 0 2 2 2 2 4 3 1 3 4 1 0 0 3 2 4 2 0 0 0 0 1 0 2 2 0 0 4 2 4 3 1  
3 1 3 2 2 3 3 1 2 1 2 0 1 3 4 0 0 4 1 4 1 3 0 2 3 1 0 0 0 1 2 3 1 0 4 3 1 3 0  
 0 2 0 0 2 0 1 4 0 0 0 2 0 2 1 2 1 2 3 1 1 1 0 0 0 0 3 1 1 2 2 2 0 1 1 0 0 3 2  
1 4 0 2 1 4 2 2 2 0 2 3 0 4 2 0 0 1 2 1 4 2 4 1 2 1 1 2 2 3 1 0 4 0 1 0 0 3 4  
 0 0 3 0 2 1 0 3 1 3 0 0 2 1 2 2 1 0 3 1 0 0 0 0 3 1 2 3 3 2 0 0 3 2 4 0 4 2 2  
0 0 1 2 4 0 2 4 1 0 2 0 2 3 2 0 4 3 0 4 3 0 3 1 2 2 4 1 3 1 3 1 2 3 0 1 1 4 2  
 2 3 2 3 1 1 1 3 0 2 1 1 0 2 1 0 2 0 2 2 2 3 4 1 4 1 2 1 1 3 2 4 0 3 2 1 2 3 0  
0 0 1 0 3 0 1 2 4 2 2 1 2 2 4 0 3 3 0 0 3 2 1 1 0 2 4 2 1 3 1 3 3 2 3 1 0 0 1  
 4 1 0 2 1 0 1 0 3 3 0 0 4 3 2 0 3 1 4 1 2 1 1 1 4 2 2 3 3 0 4 0 3 4 0 0 0 4 1  
0 4 1 2 4 0 1 2 3 0 4  
 0 4 2 3 0 1 0 1 0 4  

------------------ W3 --------------------
1 1 1 0 1 4 3 0 4 0 4 4 0 2 3 1 0 1 0 3 3 2 3 2 1 2 0 1 1 3 2 4 0 0 3 2 0 2 3  
 4 3 2 0 4 1 0 0 2 3 4 2 1 2 0 3 0 1 4 4 1 2 1 2 2 2 2 4 0 1 4 2 0 2 1 1 1 3 0  
0 3 3 0 3 1 1 3 4 2 2 4 1 4 4 1 1 1 3 0 3 0 0 3 1 4 2 2 3 4 0 4 2 1 3 1 1 1 2  
 4 3 1 4 1 3 2 0 0 2 1 0 1 4 1 2 0 2 1 1 2 4 3 1 2 3 0 2 0 3 1 1 1 4 3 0 0 2 1  
1 0 3 1 3 3 2 1 4 2 0 0 2 3 0 0 1 1 1 4 3 0 3 4 1 4 3 0 3 3 1 1 0 1 2 2 1 2 0  
 1 0 1 1 3 2 2 1 1 1 2 0 4 4 2 3 1 0 1 3 1 3 2 1 2 3 1 0 2 0 3 1 1 0 2 2 2 0 0  
1 2 0 1 2 0 1 2 3 1 3 0 0 1 1 0 2 4 0 1 4 1 3 3 0 2 1 0 2 3 0 0 2 2 2 0 0 4 4  
 2 1 0 3 1 2 2 2 0 0 0 1 4 4 0 1 2 2 0 0 3 2 3 2 1 4 2 1 4 1 3 3 2 1 3 1 2 2 0  
1 2 0 2 2 4 0 2 2 2 3 4 2 0 3 0 3 3 1 2 0 2 4 4 0 4 0 2 0 0  
 0 0 2 1 2 1 1 0 0 1 4 1 1 0 2 2 4 2 1 0 3 4 0 2 4 1 1 4 4 2  

------------------ E4 --------------------
1 0 1 0 1 4 3 0 4 0 0 0 1 0 0 0 0 0 0 1 0 2 1 3 2 3 3 1 2 0 1 4 2 1 3 3 0 0 3  
 2 3 2 0 4 1 0 0 2 2 2 2 4 3 1 2 1 2 4 3 0 4 3 0 3 0 0 1 1 0 2 0 3 4 2 1 1 3 0  
1 0 1 0 0 4 2 2 3 2 1 0 0 3 4 3 0 0 1 4 4 2 1 4 2 2 4 0 2 2 2 0 0 3 0 0 0 2 2  
 3 0 3 4 1 1 0 2 2 3 1 3 2 0 2 4 0 3 3 0 2 0 3 0 2 2 2 4 4 1 1 4 2 0 1 0 1 4 1  
1 4 3 2 3 4 3 0 0 1 2 0 2 4 2 2 3 0 1 1 0 3 0 1 3 0 2 0 0 1 0 4 0 0 3 0 1 3 0  
 0 1 2 3 3 2 4 0 1 3 4 1 3 4 1 3 0 2 4 4 1 3 0 1 4 1 2 4 1 2 2 2 2 3 0 3 3 2 2  
2 1 2 2 2 2 1 4 3 1 3 0 3 0 2 0 1 3 1 0 2 1 1 3 1 0 2 2 3 0 0 0 3 1 0 3 2 3 2  
 4 3 2 3 3 1 4 1 1 0 3 2 4 0 3 2 0 0 1 2 2 1 0 3 1 1 2 4 3 1 4 4 0 1 2 0 2 3 1  
1 2 2 0 2 4 2 3 0 1 0 1 3 1 1 2 3 2 2 1 3 0 3  
 3 4 2 1 2 1 0 2 2 0 1 0 0 3 2 3 0 3 4 0 3 4  

------------------ W4 --------------------
3 0 1 0 1 4 3 0 4 0 0 0 1 0 0 0 0 0 0 1 0 2 1 3 2 3 3 1 2 0 1 4 0 0 4 0 0 0 2  
 2 3 2 0 4 1 0 0 2 2 2 2 4 3 1 2 1 2 4 3 0 4 3 0 3 0 0 1 1 0 2 2 2 1 1 3 1 4 2  
2 1 1 3 1 0 2 1 4 0 0 1 0 3 2 1 2 2 2 4 1 1 2 4 3 0 0 1 0 0 1 3 1 2 2 3 3 1 3  
 0 3 0 2 2 1 2 3 0 1 3 2 3 0 1 4 3 0 4 1 3 4 2 0 3 0 0 0 3 2 3 3 2 4 2 1 1 4 0  
0 4 0 2 1 0 2 4 0 1 0 3 2 0 2 2 1 0 2 4 3 0 2 1 0 1 2 1 0 3 0 1 2 0 3 3 2 3 2  
 4 0 2 2 1 1 1 0 3 1 3 2 4 1 2 1 0 2 1 4 2 4 4 0 3 1 1 1 2 2 0 2 1 4 3 1 1 4 1  
2 0 4 2 3 3 2 4 1 2 0 3 3 0 2 0 2 3 3 0 1 0 4 1 2 0 4 2 4 1 0 1 2 2 3 2 1 0 1  
 3 1 1 1 4 0 3 1 1 4 2 1 2 3 2 1 2 2 4 1 0 2 4 0 1 3 2 4 4 0 0 3 0 2 2 1 4 4 0  
2 2 4 3 1 4 1 1 4 0 4 2 1 2 1 1 1 4 1 4 0 1 3 0  
 0 2 0 2 3 1 0 0 0 0 3 1 0 0 0 1 0 2 1 4 0 0 1 1  

------------------ E5 --------------------
1 1 1 0 1 4 3 0 4 0 0 0 1 0 0 0 0 0 0 1 0 2 1 3 2 3 3 1 2 0 1 4 3 0 4 4 1 3 3  
 3 3 2 0 4 1 0 0 2 2 2 2 4 3 1 2 1 2 4 3 0 4 3 0 3 0 0 1 1 0 2 1 1 1 1 2 4 3 0  
1 0 1 2 1 4 2 2 3 3 0 2 0 2 4 0 1 4 1 4 4 2 1 2 2 2 2 2 3 0 2 1 2 2 1 3 2 3 3  
 3 0 3 4 1 1 0 2 2 4 0 1 2 0 2 0 4 1 3 0 2 0 0 2 2 4 2 4 2 0 2 4 0 3 4 1 2 0 2  
0 1 4 1 1 0 1 1 4 1 0 3 1 1 1 0 1 0 2 4 0 1 1 0 2 0 4 0 1 0 0 1 3 1 0 0 1 3 0  
 2 1 1 2 1 1 1 3 0 1 1 0 4 4 1 2 1 1 1 1 2 4 0 3 4 1 0 1 2 2 0 4 0 0 4 1 2 1 3  
1 0 2 0 4 1 0 4 1 2 2 1 1 3 4 1 3 0 1 3 3 0 1 3 2 4 3 0 1 1 0 4 2 0 1 0 2 2 1  
 0 2 0 2 0 3 0 0 2 2 4 0 0 1 0 1 2 0 4 4 2 3 1 1 0 4 2 1 1 1 1 4 2 0 3 1 1 0 2  
1 3 1 2 2 4 2 2 0 2 2 2 0 4 1  
 2 3 2 4 4 2 1 0 1 3 3 1 4 3 1  



=== TABELA DE CONVERSÃO (leitura Em triângulos ▽△) ===

Ordem de leitura:
  ▽: cima-esquerda, cima-direita, ponta-baixo
  △: baixo-direita, baixo-esquerda, ponta-cima

0 cEntEr
1 up
2 right
3 doWn
4 lEft

ID  | Trigrama | Simbolos
-------------------------
1   | 000      | ···
2   | 001      | ··↑
3   | 002      | ··→
4   | 003      | ··↓
5   | 004      | ··←
6   | 010      | ·↑·
7   | 011      | ·↑↑
8   | 012      | ·↑→
9   | 013      | ·↑↓
10  | 014      | ·↑←
11  | 020      | ·→·
12  | 021      | ·→↑
13  | 022      | ·→→
14  | 023      | ·→↓
15  | 024      | ·→←
16  | 030      | ·↓·
17  | 031      | ·↓↑
18  | 032      | ·↓→
19  | 033      | ·↓↓
20  | 034      | ·↓←
21  | 040      | ·←·
22  | 041      | ·←↑
23  | 042      | ·←→
24  | 043      | ·←↓
25  | 044      | ·←←
26  | 100      | ↑··
27  | 101      | ↑·↑
28  | 102      | ↑·→
29  | 103      | ↑·↓
30  | 104      | ↑·←
31  | 110      | ↑↑·
32  | 111      | ↑↑↑
33  | 112      | ↑↑→
34  | 113      | ↑↑↓
35  | 114      | ↑↑←
36  | 120      | ↑→·
37  | 121      | ↑→↑
38  | 122      | ↑→→
39  | 123      | ↑→↓
40  | 124      | ↑→←
41  | 130      | ↑↓·
42  | 131      | ↑↓↑
43  | 132      | ↑↓→
44  | 133      | ↑↓↓
45  | 134      | ↑↓←
46  | 140      | ↑←·
47  | 141      | ↑←↑
48  | 142      | ↑←→
49  | 143      | ↑←↓
50  | 144      | ↑←←
51  | 200      | →··
52  | 201      | →·↑
53  | 202      | →·→
54  | 203      | →·↓
55  | 204      | →·←
56  | 210      | →↑·
57  | 211      | →↑↑
58  | 212      | →↑→
59  | 213      | →↑↓
60  | 214      | →↑←
61  | 220      | →→·
62  | 221      | →→↑
63  | 222      | →→→
64  | 223      | →→↓
65  | 224      | →→←
66  | 230      | →↓·
67  | 231      | →↓↑
68  | 232      | →↓→
69  | 233      | →↓↓
70  | 234      | →↓←
71  | 240      | →←·
72  | 241      | →←↑
73  | 242      | →←→
74  | 243      | →←↓
75  | 244      | →←←
76  | 300      | ↓··
77  | 301      | ↓·↑
78  | 302      | ↓·→
79  | 303      | ↓·↓
80  | 304      | ↓·←
81  | 310      | ↓↑·
82  | 311      | ↓↑↑
83  | 312      | ↓↑→
84  | 313      | ↓↑↓
85  | 314      | ↓↑←
86  | 320      | ↓→·
87  | 321      | ↓→↑
88  | 322      | ↓→→
89  | 323      | ↓→↓
90  | 324      | ↓→←
91  | 330      | ↓↓·
92  | 331      | ↓↓↑
93  | 332      | ↓↓→
94  | 333      | ↓↓↓
95  | 334      | ↓↓←
96  | 340      | ↓←·
97  | 341      | ↓←↑
98  | 342      | ↓←→
99  | 343      | ↓←↓
100 | 344      | ↓←←
101 | 400      | ←··
102 | 401      | ←·↑
103 | 402      | ←·→
104 | 403      | ←·↓
105 | 404      | ←·←
106 | 410      | ←↑·
107 | 411      | ←↑↑
108 | 412      | ←↑→
109 | 413      | ←↑↓
110 | 414      | ←↑←
111 | 420      | ←→·
112 | 421      | ←→↑
113 | 422      | ←→→
114 | 423      | ←→↓
115 | 424      | ←→←
116 | 430      | ←↓·
117 | 431      | ←↓↑
118 | 432      | ←↓→
119 | 433      | ←↓↓
120 | 434      | ←↓←
121 | 440      | ←←·
122 | 441      | ←←↑
123 | 442      | ←←→
124 | 443      | ←←↓
125 | 444      | ←←←

Total: 83  trigramas únicos (dE 125 possívEis)

