i	j	k	l	valor
1	12	42	73	1
1	26	27	55	1
1	26	66	44	1
1	38	6	39	1
1	41	52	66	1
1	47	21	72	1
2	1	47	21	1
2	19	29	77	1
2	26	9	38	1
2	30	12	31	1
2	31	74	24	1
2	32	55	47	1
2	43	61	27	1
2	57	68	12	1
2	59	57	64	1
2	65	70	16	1
2	67	19	28	1
2	70	77	53	1
2	73	56	17	1
2	81	83	41	1
3	7	59	10	1
3	12	66	73	1
3	30	14	50	3
3	56	10	16	3
3	60	49	32	1
3	61	30	41	4
3	66	8	48	1
3	67	50	52	1
3	67	74	31	1
3	81	76	2	1
4	17	57	20	1
4	23	58	3	1
4	27	63	32	1
4	27	79	9	1
4	37	6	48	3
4	44	60	68	1
4	68	62	41	1
4	81	78	48	1
5	7	18	6	1
5	21	43	36	1
5	24	27	14	1
5	35	61	64	1
5	44	48	18	1
5	52	42	44	1
5	57	23	61	1
5	59	57	32	1
5	63	10	47	1
5	67	78	43	1
5	75	20	72	1
6	4	27	79	1
6	12	48	46	1
6	18	68	38	1
6	24	26	46	1
6	25	4	44	1
6	26	21	72	1
6	37	80	64	1
6	38	20	44	1
6	39	56	38	1
6	41	62	52	1
6	44	72	4	1
6	48	34	22	1
6	48	61	22	1
6	48	78	45	1
6	49	63	14	3
6	50	49	55	1
6	50	76	55	6
6	55	46	78	1
6	80	43	69	1
7	2	26	9	1
7	14	65	30	1
7	18	6	37	1
7	23	22	52	1
7	32	22	73	1
7	34	26	65	1
7	47	44	19	1
7	50	32	14	1
7	59	10	71	1
7	61	6	24	1
7	81	67	69	1
8	4	27	63	1
8	21	20	65	1
8	31	72	56	1
8	35	33	31	1
8	46	64	15	1
8	48	15	46	1
9	6	55	46	1
9	7	47	44	1
9	16	79	3	3
9	33	27	64	1
9	34	71	74	1
9	35	47	8	1
9	38	48	44	1
9	41	66	46	1
9	63	14	83	1
10	7	61	6	1
10	9	63	14	1
10	16	60	19	3
10	22	12	65	1
10	42	11	45	1
10	45	30	61	1
10	47	50	33	1
10	47	68	58	1
10	49	67	81	1
10	71	2	59	1
11	18	33	12	1
11	44	69	63	1
11	45	74	9	1
11	46	25	27	1
11	50	63	65	1
11	58	23	59	1
11	61	82	62	1
11	70	71	9	1
11	74	63	3	1
12	3	67	50	1
12	14	29	27	1
12	19	20	44	1
12	22	9	41	1
12	27	46	54	1
12	31	53	82	1
12	40	66	61	1
12	42	73	58	1
12	48	46	59	1
12	49	4	68	1
12	64	80	7	1
12	65	6	80	1
12	66	73	38	1
12	67	63	14	1
12	72	12	49	1
12	75	57	5	1
13	22	13	50	1
13	23	77	21	1
13	31	66	38	1
13	34	58	29	1
13	50	55	35	1
13	55	6	50	1
14	4	23	58	1
14	10	47	68	1
14	17	11	46	1
14	18	22	69	1
14	23	64	19	1
14	29	27	20	1
14	34	31	36	1
14	41	26	10	1
14	48	18	53	1
14	48	20	50	2
14	50	2	30	1
14	50	2	70	1
14	50	2	81	1
14	61	14	82	1
14	65	30	50	1
14	65	44	49	1
14	68	43	39	1
14	76	30	25	3
14	82	23	36	1
14	83	10	45	1
15	22	9	33	1
15	22	71	48	2
15	36	51	62	1
15	46	75	60	1
15	48	52	71	1
15	54	64	61	1
15	65	59	19	1
15	79	1	26	1
15	82	9	16	3
15	83	45	31	1
16	5	67	78	1
16	11	74	63	1
16	14	34	31	1
16	17	45	32	1
16	44	5	59	1
16	57	56	21	1
16	60	19	69	3
16	79	3	30	3
17	11	46	25	1
17	13	31	66	1
17	31	38	27	1
17	45	32	31	1
17	45	55	52	1
17	57	20	48	1
17	83	36	58	1
18	5	7	18	1
18	6	37	80	1
18	8	46	64	1
18	22	69	14	1
18	33	12	19	1
18	37	14	18	1
18	53	71	27	1
18	55	80	76	1
18	68	38	30	1
18	68	80	22	1
18	74	37	76	1
18	75	82	40	1
19	11	50	63	1
19	20	44	20	1
19	28	40	18	1
19	29	77	5	1
19	29	77	60	1
19	40	48	44	1
19	45	79	70	1
19	47	65	60	1
19	69	4	37	3
19	73	43	6	1
19	76	44	61	1
20	1	26	27	1
20	1	41	52	1
20	2	67	19	1
20	27	9	35	1
20	44	20	82	1
20	44	67	48	1
20	48	41	81	1
20	49	14	48	2
20	49	68	58	1
20	50	45	27	1
20	50	73	32	1
20	63	65	15	1
20	65	3	67	1
20	72	5	52	1
20	82	43	5	1
21	10	9	63	1
21	14	23	64	1
21	15	22	71	1
21	20	65	3	1
21	24	58	66	1
21	43	36	2	1
21	52	63	22	1
21	64	26	12	1
21	72	12	75	1
21	72	74	26	1
22	6	18	68	1
22	9	33	27	1
22	9	41	66	1
22	12	65	6	1
22	13	50	55	1
22	16	5	67	1
22	20	1	26	1
22	20	1	41	1
22	27	31	6	1
22	33	45	17	1
22	41	10	42	1
22	52	70	75	1
22	60	45	19	1
22	61	15	83	1
22	69	14	10	1
22	71	48	45	2
22	73	6	41	1
22	81	2	73	1
23	1	12	42	1
23	15	36	51	1
23	22	52	70	1
23	36	51	41	1
23	58	3	7	1
23	59	49	68	1
23	61	19	76	1
23	64	19	47	1
23	65	58	41	1
23	77	21	52	1
23	79	37	48	1
24	19	73	43	1
24	25	51	58	1
24	26	46	43	1
24	27	14	68	1
24	33	32	65	1
24	36	33	51	1
24	58	66	42	1
24	68	7	34	1
24	74	32	55	1
24	75	12	14	1
25	4	44	60	1
25	27	78	11	1
25	31	55	71	1
25	51	58	31	1
25	56	62	48	1
25	62	43	71	3
26	7	81	67	1
26	9	38	48	1
26	10	22	12	1
26	12	27	46	1
26	13	23	77	1
26	21	72	12	1
26	27	55	21	1
26	36	9	25	1
26	37	16	57	1
26	39	46	74	1
26	46	43	81	1
26	63	19	11	1
26	64	43	25	1
26	65	62	17	1
26	65	82	69	1
26	66	44	67	1
26	80	8	21	1
27	9	35	47	1
27	14	68	43	1
27	15	22	71	1
27	20	49	68	1
27	24	33	32	1
27	29	42	69	1
27	31	6	26	1
27	46	54	61	1
27	49	51	81	1
27	55	21	15	1
27	58	70	41	1
27	60	78	65	1
27	63	32	79	1
27	64	6	38	1
27	69	55	58	1
27	77	66	69	1
27	78	11	61	1
27	79	9	6	1
27	80	58	5	1
28	13	55	6	1
28	40	18	75	1
28	67	6	50	1
29	14	65	44	1
29	27	20	49	1
29	42	69	58	1
29	73	65	2	1
29	75	11	18	1
29	77	5	35	1
29	77	60	35	1
30	12	31	53	1
30	14	50	2	3
30	22	61	15	1
30	25	62	43	3
30	41	3	56	3
30	41	79	48	1
30	50	65	64	1
30	61	54	83	1
31	5	21	43	1
31	6	26	21	1
31	13	34	58	1
31	23	1	12	1
31	32	20	27	1
31	36	63	38	1
31	38	27	29	1
31	53	82	22	1
31	66	38	21	1
31	72	17	13	1
31	72	56	35	1
31	72	76	27	1
31	74	24	68	1
32	6	25	4	1
32	14	17	11	1
32	15	65	59	1
32	20	27	9	1
32	22	73	6	1
32	31	13	34	1
32	55	39	78	1
32	55	47	21	1
32	65	24	36	1
32	77	3	81	1
32	79	27	58	1
33	2	43	61	1
33	12	19	20	1
33	15	82	9	3
33	25	56	62	1
33	27	64	6	1
33	31	32	20	1
33	32	65	24	1
33	45	17	31	1
33	51	7	2	1
33	52	77	59	1
34	22	60	45	1
34	26	65	82	1
34	31	36	63	1
34	41	66	80	1
34	50	42	61	1
34	58	29	14	1
34	67	6	50	1
34	71	74	7	1
35	26	37	16	1
35	26	63	19	1
35	29	75	11	1
35	33	31	32	1
35	46	79	27	1
35	47	8	31	1
35	52	11	70	1
35	55	71	22	1
35	61	64	59	1
35	61	64	80	1
35	63	83	16	1
35	67	6	50	1
35	67	24	74	1
35	76	55	10	1
36	2	32	55	1
36	33	51	7	1
36	51	41	40	1
36	51	62	40	1
36	58	20	2	1
36	63	38	1	1
37	6	48	34	1
37	6	48	61	1
37	6	48	78	1
37	14	18	22	1
37	16	57	56	1
37	48	18	5	1
37	67	6	49	1
37	76	75	55	1
37	80	64	2	1
38	1	38	6	1
38	6	39	56	1
38	14	41	26	1
38	20	44	67	1
38	21	14	23	1
38	27	29	42	1
38	30	22	61	1
38	31	23	1	1
38	45	11	44	1
38	48	44	27	1
38	61	35	29	1
39	2	19	29	1
39	46	74	48	1
39	56	38	14	1
39	73	12	40	1
39	78	68	12	1
39	82	24	25	1
40	3	60	49	1
40	12	3	67	1
40	15	79	1	1
40	18	75	82	1
40	48	44	16	1
40	61	43	14	1
40	66	61	26	1
41	3	56	10	3
41	5	24	27	1
41	10	42	11	1
41	23	15	36	1
41	26	10	22	1
41	40	3	60	1
41	50	79	4	1
41	52	66	27	1
41	62	52	43	1
41	64	82	22	1
41	66	46	76	1
41	66	80	78	1
41	79	48	61	1
41	81	7	14	1
42	11	45	74	1
42	24	19	73	1
42	44	81	73	1
42	61	22	27	1
42	69	58	35	1
42	73	58	21	1
42	81	14	61	1
42	82	83	23	1
43	5	63	10	1
43	6	4	27	1
43	14	4	23	1
43	20	49	14	2
43	36	2	32	1
43	38	31	23	1
43	39	73	12	1
43	50	34	41	1
43	61	27	49	1
43	67	65	75	1
43	69	12	72	1
43	71	67	63	3
43	81	6	44	1
43	81	26	13	1
44	5	59	57	1
44	16	14	34	1
44	19	40	48	1
44	20	82	43	1
44	27	77	66	1
44	48	18	68	1
44	60	68	34	1
44	61	60	68	1
44	67	48	54	1
44	67	65	39	1
44	69	63	10	1
44	72	4	81	1
44	80	29	73	1
44	81	73	55	1
45	11	44	69	1
45	17	31	38	1
45	19	29	77	1
45	27	60	78	1
45	30	61	54	1
45	31	5	21	1
45	32	31	13	1
45	39	2	19	1
45	49	43	20	2
45	55	52	21	1
45	74	9	34	1
45	79	70	2	1
46	25	27	78	1
46	43	81	26	1
46	54	61	39	1
46	59	69	70	1
46	64	15	54	1
46	74	48	69	1
46	75	60	42	1
46	76	56	40	1
46	78	26	65	1
46	79	27	80	1
47	8	31	72	1
47	18	37	14	1
47	21	41	31	1
47	21	72	74	1
47	33	2	43	1
47	44	19	40	1
47	50	33	52	1
47	65	60	42	1
47	68	58	35	1
48	13	22	13	1
48	15	46	75	1
48	18	5	7	1
48	18	53	71	1
48	18	68	80	1
48	20	50	45	1
48	20	50	73	1
48	34	22	60	1
48	41	81	7	1
48	44	16	14	1
48	44	27	77	1
48	45	49	43	2
48	46	59	69	1
48	52	71	76	1
48	54	35	67	1
48	61	22	81	1
48	61	76	68	1
48	69	51	35	1
48	78	45	39	1
48	79	35	26	1
49	4	68	62	1
49	14	48	20	2
49	32	77	3	1
49	43	20	49	2
49	51	81	33	1
49	55	56	20	1
49	55	56	53	1
49	63	14	76	3
49	67	81	23	1
49	68	54	8	1
49	68	58	38	1
50	2	30	12	1
50	2	70	77	1
50	2	81	83	1
50	32	14	17	1
50	33	52	77	1
50	34	41	66	1
50	42	61	22	1
50	45	27	60	1
50	49	55	56	1
50	52	54	18	1
50	55	35	26	1
50	63	65	53	1
50	65	64	7	1
50	73	32	6	1
50	76	55	3	4
50	76	55	24	1
50	76	55	70	1
50	79	4	17	1
51	7	2	26	1
51	35	46	79	1
51	41	40	3	1
51	58	31	72	1
51	62	40	12	1
51	67	6	49	1
51	72	74	15	1
51	81	33	25	1
52	11	70	71	1
52	21	64	26	1
52	42	44	81	1
52	43	67	65	1
52	54	18	74	1
52	63	22	41	1
52	66	27	15	1
52	70	75	22	1
52	71	76	6	1
52	77	59	5	1
53	10	49	67	1
53	63	73	70	1
53	71	27	24	1
53	82	12	67	1
53	82	22	20	1
54	8	35	33	1
54	18	74	37	1
54	35	67	24	1
54	61	39	35	1
54	64	61	17	1
54	83	43	81	1
55	3	61	30	4
55	6	50	49	1
55	10	7	61	1
55	21	15	22	1
55	24	75	12	1
55	25	31	55	1
55	35	26	37	1
55	39	78	68	1
55	46	78	26	1
55	47	21	41	1
55	52	21	64	1
55	56	20	63	1
55	56	53	63	1
55	58	57	51	1
55	64	80	82	1
55	70	47	33	1
55	71	22	16	1
55	80	76	49	1
56	10	16	60	3
56	17	83	36	1
56	20	63	65	1
56	21	10	9	1
56	35	76	55	1
56	38	14	41	1
56	40	61	43	1
56	53	63	73	1
56	62	48	13	1
57	5	75	20	1
57	20	48	41	1
57	23	61	19	1
57	32	15	65	1
57	51	72	74	1
57	56	21	10	1
57	64	69	26	1
57	68	12	22	1
58	3	7	59	1
58	5	57	23	1
58	20	2	67	1
58	21	24	58	1
58	23	59	49	1
58	29	14	65	1
58	31	72	76	1
58	35	52	11	1
58	35	63	83	1
58	38	61	35	1
58	41	50	79	1
58	57	51	72	1
58	66	42	24	1
58	70	41	5	1
59	5	44	48	1
59	10	71	2	1
59	19	45	79	1
59	49	68	54	1
59	57	32	15	1
59	57	64	69	1
59	69	70	80	1
59	81	18	55	1
60	19	69	4	3
60	35	61	64	1
60	42	81	14	1
60	42	82	83	1
60	45	19	29	1
60	49	32	77	1
60	68	34	50	1
60	68	64	43	1
60	78	65	44	1
61	3	66	8	1
61	6	24	26	1
61	14	82	23	1
61	15	83	45	1
61	19	76	44	1
61	22	27	31	1
61	22	81	2	1
61	26	7	81	1
61	27	49	51	1
61	30	41	3	3
61	30	41	79	1
61	35	29	75	1
61	43	14	4	1
61	54	83	43	1
61	60	68	64	1
61	64	59	81	1
61	64	80	28	1
61	76	68	72	1
61	82	62	35	1
62	17	45	55	1
62	26	64	43	1
62	35	55	71	1
62	40	12	3	1
62	41	23	15	1
62	43	71	67	3
62	48	13	22	1
62	52	43	67	1
63	3	12	66	1
63	10	35	19	1
63	10	47	50	1
63	14	48	18	1
63	14	76	30	3
63	14	83	10	1
63	19	11	50	1
63	22	41	10	1
63	32	79	27	1
63	33	15	82	3
63	38	1	38	1
63	65	15	48	1
63	65	53	82	1
63	73	70	11	1
63	83	16	11	1
64	2	65	70	1
64	6	38	20	1
64	7	50	32	1
64	15	54	64	1
64	19	47	65	1
64	26	12	27	1
64	43	25	42	1
64	43	50	34	1
64	59	81	18	1
64	67	6	50	1
64	69	26	80	1
64	80	7	23	1
64	80	28	13	1
64	80	82	16	1
64	82	22	20	1
65	2	31	74	1
65	3	67	74	1
65	6	80	43	1
65	15	48	52	1
65	24	36	33	1
65	30	50	65	1
65	39	82	24	1
65	44	80	29	1
65	53	82	12	1
65	58	41	50	1
65	59	19	45	1
65	60	42	82	1
65	62	17	45	1
65	64	7	50	1
65	70	16	44	1
65	75	62	26	1
65	82	69	47	1
66	8	48	15	1
66	27	15	22	1
66	38	21	14	1
66	42	24	19	1
66	44	67	65	1
66	46	76	56	1
66	61	26	7	1
66	69	81	18	1
66	73	38	45	1
66	80	78	8	1
67	6	49	63	3
67	6	50	76	6
67	19	28	40	1
67	24	74	32	1
67	48	54	35	1
67	50	52	54	1
67	63	14	48	1
67	63	33	15	3
67	65	39	82	1
67	65	75	62	1
67	69	78	60	1
67	74	31	72	1
67	78	43	38	1
67	81	23	65	1
68	7	34	26	1
68	12	22	9	1
68	12	64	80	1
68	34	50	42	1
68	38	30	22	1
68	43	39	73	1
68	54	8	35	1
68	58	35	63	1
68	58	38	61	1
68	62	41	23	1
68	64	43	50	1
68	72	61	3	1
68	80	22	33	1
69	4	37	6	3
69	12	72	12	1
69	14	10	47	1
69	26	80	8	1
69	47	18	37	1
69	51	35	46	1
69	55	58	57	1
69	58	35	52	1
69	63	10	35	1
69	70	80	26	1
69	78	60	79	1
69	81	18	8	1
70	2	1	47	1
70	11	58	23	1
70	16	44	5	1
70	41	5	24	1
70	47	33	2	1
70	71	9	7	1
70	75	22	6	1
70	77	53	10	1
70	80	26	39	1
71	2	59	57	1
71	9	7	47	1
71	22	16	5	1
71	27	24	33	1
71	48	45	49	2
71	67	63	33	3
71	74	7	32	1
71	76	6	12	1
72	4	81	78	1
72	5	52	42	1
72	12	49	4	1
72	12	75	57	1
72	17	13	31	1
72	56	35	76	1
72	61	3	66	1
72	74	15	22	1
72	74	26	36	1
72	76	27	69	1
73	6	41	62	1
73	12	40	66	1
73	32	6	25	1
73	38	45	11	1
73	43	6	4	1
73	55	64	80	1
73	56	17	83	1
73	58	21	24	1
73	65	2	31	1
73	70	11	58	1
74	7	32	22	1
74	9	34	71	1
74	15	22	9	1
74	24	68	7	1
74	26	36	9	1
74	31	72	17	1
74	32	55	39	1
74	37	76	75	1
74	48	69	51	1
74	63	3	12	1
75	11	18	33	1
75	12	14	29	1
75	20	72	5	1
75	22	6	18	1
75	55	25	31	1
75	57	5	75	1
75	60	42	81	1
75	62	26	64	1
75	82	40	15	1
76	2	57	68	1
76	6	12	48	1
76	27	69	55	1
76	30	25	62	3
76	44	61	60	1
76	49	55	56	1
76	55	3	61	4
76	55	10	7	1
76	55	24	75	1
76	55	70	47	1
76	56	40	61	1
76	68	72	61	1
76	75	55	25	1
77	3	81	76	1
77	5	35	61	1
77	21	52	63	1
77	53	10	49	1
77	59	5	44	1
77	60	35	61	1
77	66	69	81	1
77	67	6	50	1
78	8	4	27	1
78	11	61	82	1
78	26	65	62	1
78	43	38	31	1
78	45	39	2	1
78	48	79	35	1
78	60	79	20	1
78	65	44	80	1
78	67	6	50	1
78	68	12	64	1
79	1	26	66	1
79	3	30	14	3
79	4	17	57	1
79	9	6	55	1
79	27	58	70	1
79	27	80	58	1
79	35	26	63	1
79	37	48	18	1
79	48	61	76	1
79	70	2	1	1
80	7	23	22	1
80	8	21	20	1
80	22	33	45	1
80	26	39	46	1
80	28	13	55	1
80	29	73	65	1
80	43	69	12	1
80	58	5	57	1
80	64	2	65	1
80	76	49	55	1
80	78	8	4	1
80	82	16	17	1
81	2	73	56	1
81	6	44	72	1
81	7	14	65	1
81	14	61	14	1
81	18	8	46	1
81	18	55	80	1
81	23	65	58	1
81	26	13	23	1
81	33	25	56	1
81	67	6	49	1
81	67	69	78	1
81	73	55	64	1
81	76	2	57	1
81	78	48	79	1
81	83	41	64	1
82	9	16	79	3
82	12	67	63	1
82	16	17	45	1
82	22	20	1	2
82	23	36	51	1
82	24	25	51	1
82	40	15	79	1
82	43	5	63	1
82	62	35	55	1
82	69	47	18	1
82	83	23	79	1
83	10	45	30	1
83	16	11	74	1
83	23	79	37	1
83	36	58	20	1
83	41	64	82	1
83	43	81	6	1
83	45	31	5	1
